<?xml version="1.0"?>
<opencv_storage>
<CarrierID>"204010301RF7635KC"</CarrierID>
<VIEW_11>
  <ExtraContours_FrontSide>
    <_>
      248 555 247 556 242 556 241 557 237 557 236 558 231 558 230 559
      226 559 225 560 220 560 219 561 215 561 214 562 209 562 208 563
      204 563 203 564 198 564 197 565 193 565 192 566 187 566 186 567
      182 567 181 568 176 568 175 569 171 569 170 570 165 570 164 571
      162 571 162 729 242 729 242 719 243 718 243 697 244 696 244 675
      245 674 245 653 246 652 246 632 247 631 247 610 248 609 248 588
      249 587 249 566 250 565 250 555</_>
    <_>
      195 922 194 923 174 923 173 924 153 924 152 925 146 925 146 928
      145 929 144 929 144 933 142 935 142 941 141 942 140 942 140 956
      138 958 138 969 137 970 137 972 136 973 136 985 134 987 134 991
      135 991 136 992 136 993 134 995 134 997 133 998 132 998 132 1009
      131 1010 130 1010 130 1023 129 1024 128 1024 128 1035 126 1037 126
      1046 124 1048 124 1066 122 1068 122 1084 120 1086 120 1097 119
      1098 119 1099 118 1100 118 1146 119 1146 120 1147 120 1150 121
      1150 122 1151 122 1152 123 1152 124 1153 125 1153 126 1154 127
      1154 128 1155 128 1156 129 1156 130 1157 130 1159 131 1159 132
      1160 132 1164 134 1166 134 1170 133 1171 132 1171 132 1176 131
      1177 130 1177 130 1182 131 1182 132 1183 132 1186 133 1186 134
      1187 134 1189 135 1189 136 1190 136 1192 138 1192 139 1193 151
      1193 152 1194 163 1194 164 1195 176 1195 177 1196 189 1196 190
      1197 202 1197 203 1198 209 1198 209 1164 208 1163 208 1095 207
      1094 207 1026 206 1025 206 957 205 956 205 922</_></ExtraContours_FrontSide>
  <MissContours_FrontSide>
    </MissContours_FrontSide>
  <ExtraContours_BackSide>
    <_>
      142 551 141 552 107 552 107 558 106 559 106 570 105 571 105 583
      104 584 104 595 103 596 103 608 102 609 102 620 101 621 101 633
      100 634 100 645 99 646 99 658 98 659 98 670 97 671 97 683 96 684
      96 695 95 696 95 702 173 702 173 677 174 676 174 627 175 626 175
      577 176 576 176 551</_></ExtraContours_BackSide>
  <MissContours_BackSide>
    </MissContours_BackSide></VIEW_11>
<VIEW_12>
  <ExtraContours_FrontSide>
    <_>
      192 564 191 565 152 565 151 566 132 566 132 584 131 585 131 621
      130 622 130 657 129 658 129 694 128 695 128 713 130 713 131 712
      135 712 136 711 140 711 141 710 145 710 146 709 150 709 151 708
      155 708 156 707 160 707 161 706 165 706 166 705 171 705 172 704
      176 704 177 703 181 703 182 702 186 702 187 701 191 701 192 700
      196 700 197 699 201 699 202 698 206 698 207 697 209 697 209 664
      210 663 210 598 211 597 211 564</_></ExtraContours_FrontSide>
  <MissContours_FrontSide>
    <_>
      1305 893 1304 894 1303 894 1303 895 1302 896 1301 896 1301 897
      1300 898 1299 898 1299 899 1297 901 1297 902 1298 902 1299 903
      1300 903 1301 904 1301 905 1302 905 1303 906 1303 907 1304 907
      1305 908 1305 913 1307 915 1307 916 1314 916 1315 915 1316 915
      1316 906 1314 904 1314 901 1313 901 1312 900 1312 897 1311 897
      1310 896 1310 894 1308 894 1307 893</_>
    <_>
      192 104 192 153 191 154 191 251 190 252 190 350 189 351 189 448
      188 449 188 460 189 461 190 461 191 462 193 462 194 463 199 463
      200 464 202 464 203 465 205 465 206 466 208 466 209 467 209 468
      210 468 211 469 212 469 213 470 214 470 215 471 216 471 217 472
      220 472 221 471 222 471 222 469 223 468 224 468 224 461 223 461
      222 460 222 458 220 456 220 450 219 450 218 449 218 444 217 444
      216 443 216 439 214 437 214 433 212 431 212 426 211 426 210 425
      210 418 209 418 208 417 208 387 209 386 210 386 210 381 211 380
      211 379 212 378 212 372 213 371 214 371 214 366 216 364 216 359
      217 358 218 358 218 354 219 353 220 353 220 349 221 348 222 348
      222 346 224 344 224 341 225 340 226 340 226 338 227 337 228 337
      228 334 229 333 230 333 230 330 231 329 232 329 232 326 233 325
      234 325 234 322 235 321 236 321 236 318 238 316 238 307 239 306
      239 304 240 303 240 302 239 301 240 300 240 218 238 216 238 178
      239 177 240 177 240 168 241 167 242 167 242 162 243 161 244 161
      244 158 245 157 246 157 246 155 247 154 248 154 248 152 249 151
      250 151 250 149 251 148 252 148 252 147 254 145 254 144 255 143
      256 143 256 142 258 140 258 139 259 138 260 138 260 136 261 135
      262 135 262 134 263 133 264 133 264 132 265 131 266 131 271 126
      272 126 272 125 273 124 274 124 275 123 276 123 276 122 277 121
      278 121 279 120 280 120 281 119 282 119 283 118 288 118 289 117
      290 117 291 116 294 116 295 115 296 115 297 114 300 114 301 113
      303 113 304 112 306 112 307 111 310 111 311 110 312 110 312 109
      313 108 314 108 315 107 316 107 316 106 317 105 318 105 318 104</_></MissContours_FrontSide>
  <ExtraContours_BackSide>
    <_>
      226 495 222 499 221 499 213 507 212 507 204 515 203 515 195 523
      194 523 186 531 185 531 177 539 176 539 168 547 167 547 163 551
      163 559 162 560 162 574 163 574 164 575 164 581 166 583 166 588
      164 590 164 598 163 599 162 599 162 606 161 607 161 609 160 610
      160 637 159 638 158 638 158 644 160 646 160 658 159 659 160 660
      160 665 162 667 162 677 164 679 164 700 165 701 165 702 166 703
      166 722 165 723 164 723 164 724 163 725 160 725 159 726 158 726
      157 727 156 727 156 730 155 731 154 731 154 733 161 733 162 732
      179 732 180 731 197 731 198 730 216 730 217 729 234 729 235 728
      252 728 253 727 270 727 271 726 280 726 280 724 279 723 279 720
      278 719 278 716 277 715 277 712 276 711 276 707 275 706 275 703
      274 702 274 699 273 698 273 694 272 693 272 690 271 689 271 686
      270 685 270 682 269 681 269 677 268 676 268 673 267 672 267 669
      266 668 266 664 265 663 265 660 264 659 264 656 263 655 263 652
      262 651 262 647 261 646 261 643 260 642 260 639 259 638 259 635
      258 634 258 630 257 629 257 626 256 625 256 622 255 621 255 617
      254 616 254 613 253 612 253 609 252 608 252 605 251 604 251 600
      250 599 250 596 249 595 249 592 248 591 248 587 247 586 247 583
      246 582 246 579 245 578 245 575 244 574 244 570 243 569 243 566
      242 565 242 562 241 561 241 558 240 557 240 553 239 552 239 549
      238 548 238 545 237 544 237 540 236 539 236 536 235 535 235 532
      234 531 234 528 233 527 233 523 232 522 232 519 231 518 231 515
      230 514 230 510 229 509 229 506 228 505 228 502 227 501 227 498
      226 497</_>
    <_>
      199 885 198 886 197 886 196 887 195 887 193 889 192 889 191 890
      190 890 188 892 187 892 185 894 184 894 183 895 182 895 180 897
      179 897 178 898 177 898 175 900 174 900 173 901 172 901 170 903
      169 903 168 904 167 904 165 906 164 906 163 907 162 907 160 909
      159 909 157 911 156 911 155 912 154 912 152 914 151 914 150 915
      149 915 147 917 146 917 145 918 144 918 143 919 143 931 144 932
      144 955 145 956 145 979 146 980 146 1003 147 1004 147 1027 148
      1028 148 1051 149 1052 149 1075 150 1076 150 1099 151 1100 151
      1123 152 1124 152 1147 153 1148 153 1161 154 1162 154 1164 155
      1164 156 1165 156 1167 157 1167 158 1168 158 1169 159 1169 160
      1170 160 1176 159 1177 158 1177 158 1182 157 1183 156 1183 161
      1183 162 1182 177 1182 178 1181 193 1181 194 1180 209 1180 210
      1179 217 1179 217 1171 216 1170 216 1155 215 1154 215 1139 214
      1138 214 1122 213 1121 213 1106 212 1105 212 1090 211 1089 211
      1073 210 1072 210 1057 209 1056 209 1041 208 1040 208 1024 207
      1023 207 1008 206 1007 206 992 205 991 205 975 204 974 204 959 203
      958 203 943 202 942 202 926 201 925 201 910 200 909 200 894 199
      893</_></ExtraContours_BackSide>
  <MissContours_BackSide>
    <_>
      269 340 269 361 268 362 268 405 267 406 267 449 266 450 266 486
      267 486 268 487 269 487 270 488 271 488 273 490 274 489 275 490
      275 488 276 487 277 487 277 486 278 485 279 485 279 465 281 463
